MY_ACCOUNT_ID = 0.0.4078555
MY_PRIVATE_KEY = 302e020100300506032b6570042204206c187f3bd79960af76982c179a3f698ac1aa83f0770d842d439823a319f914e3
MY_PUBLIC_KEY = 302a300506032b65700321007bb54956a358769f32074be712bbb2a012ba63728c19662433d6d54a4c162c23

ACCOUNT_1_ID = 0.0.4084092
ACCOUNT_1_PRIVATE_KEY = 302e020100300506032b6570042204208472527f2c9913e321318bdb3900dca66a4dd3969cbb66fef006f9b8ffbaf608

ACCOUNT_2_ID = 0.0.4084089
ACCOUNT_2_PRIVATE_KEY = 302e020100300506032b657004220420f6e24b697a8aa2486f3f25562eb18a26b5e8318b02bd05b8d8a9492c537535ca

ACCOUNT_3_ID = 0.0.4084091
ACCOUNT_3_PRIVATE_KEY = 302e020100300506032b6570042204208cba5091a5b920ce6ec420cfb59b2ce8174ce0d7e678ba0d7d897997a89dd698

ACCOUNT_4_ID = 0.0.4084093
ACCOUNT_4_PRIVATE_KEY = 302e020100300506032b657004220420c147cd07a4ab86f074f57a03ec23243f0845974e171be6b20793a4cec83f3dba

ACCOUNT_5_ID = 0.0.4084090
ACCOUNT_5_PRIVATE_KEY = 302e020100300506032b65700422042068f840368ae3ba415362ade3cdb5a784fa039a58caf3170d1d6199bd25ce4695

SMART_CONTRACT_ID = 0.0.4086856

SCHEDULE_ID = 0.0.4086900